<?xml version="1.0" encoding="utf-8"?>
<opencv_storage>
   <camera-matrix type_id="opencv-matrix">
      <rows>3</rows>
      <cols>3</cols>
      <dt>d</dt>
      <data>2332.153429197901 0.0000000000000000 701.7286415717061 
0.0000000000000000 2330.069673612716 569.1590389286347700 
0.0000000000000000 0.0000000000000000 1.0000000000000000 
</data>
   </camera-matrix>
   <distortion type_id="opencv-matrix">
      <rows>5</rows>
      <cols>1</cols>
      <dt>d</dt>
      <data>0.5434664000080092 -12.5610986586476990 0.0000000000000000 0.0000000000000000 74.5494953267729410 </data>
   </distortion>
</opencv_storage>
